{
 "cells": [
  {
   "cell_type": "code",
   "execution_count": 1,
   "metadata": {},
   "outputs": [],
   "source": [
    "import pandas as pd\n",
    "from matplotlib import pyplot as plt"
   ]
  },
  {
   "cell_type": "code",
   "execution_count": 2,
   "metadata": {},
   "outputs": [],
   "source": [
    "dataset1 = '../data/AirVisual Data Dump.csv'\n",
    "datasetAirPort = '../data/airportdata.csv'"
   ]
  },
  {
   "cell_type": "code",
   "execution_count": 3,
   "metadata": {},
   "outputs": [],
   "source": [
    "data = pd.read_csv(dataset1)\n",
    "dataPort = pd.read_csv(datasetAirPort)"
   ]
  },
  {
   "cell_type": "code",
   "execution_count": 4,
   "metadata": {},
   "outputs": [],
   "source": [
    "data[\"City\"].fillna(\"Karachi\", inplace = True)"
   ]
  },
  {
   "cell_type": "code",
   "execution_count": 5,
   "metadata": {},
   "outputs": [],
   "source": [
    "data.Datetime = pd.to_datetime(data['Datetime'])\n",
    "data['weekday'] = data['Datetime'].dt.dayofweek\n",
    "data['weekdayName'] = data.Datetime.dt.day_name()\n",
    "data['hour'] = data.Datetime.dt.hour\n",
    "data['month'] = data.Datetime.dt.month\n",
    "data['year'] = data.Datetime.dt.year\n",
    "data['dayofmonth'] = data.Datetime.dt.day"
   ]
  },
  {
   "cell_type": "code",
   "execution_count": 6,
   "metadata": {},
   "outputs": [],
   "source": [
    "dataP = dataPort.drop(['gust_mph', 'peak_wind_gust_mph'], axis = 1)"
   ]
  },
  {
   "cell_type": "code",
   "execution_count": 7,
   "metadata": {},
   "outputs": [],
   "source": [
    "dataP['datetime'] = pd.to_datetime(dataP.valid)\n",
    "dataP['datetime'] = dataP['datetime'].dt.round('H')"
   ]
  },
  {
   "cell_type": "code",
   "execution_count": 8,
   "metadata": {},
   "outputs": [],
   "source": [
    "# OPFA Faisalabad\n",
    "# OPKC Karachi\n",
    "# OPLA Lahore\n",
    "# OPPS Peshawar\n",
    "# OPRN Islamabad\n",
    "serialToCity = {'OPFA': 'Faisalabad', 'OPKC': 'Karachi', 'OPLA': 'Lahore', 'OPPS': 'Peshawar', 'OPRN': 'Islamabad'}"
   ]
  },
  {
   "cell_type": "code",
   "execution_count": 9,
   "metadata": {},
   "outputs": [],
   "source": [
    "dataP['City'] = dataP.station.apply(lambda x : serialToCity[x])\n",
    "dataA = dataP.drop(['valid','station', 'lon', 'lat'], axis = 1)\n",
    "dataAmean = dataA.groupby(['City', 'datetime']).mean()"
   ]
  },
  {
   "cell_type": "code",
   "execution_count": 10,
   "metadata": {},
   "outputs": [],
   "source": [
    "dfmerged = data.merge( dataAmean, how = 'left', left_on = ['Datetime', 'City'], right_on = ['datetime', 'City'])"
   ]
  },
  {
   "cell_type": "code",
   "execution_count": 11,
   "metadata": {
    "scrolled": true
   },
   "outputs": [
    {
     "data": {
      "text/html": [
       "<div>\n",
       "<style scoped>\n",
       "    .dataframe tbody tr th:only-of-type {\n",
       "        vertical-align: middle;\n",
       "    }\n",
       "\n",
       "    .dataframe tbody tr th {\n",
       "        vertical-align: top;\n",
       "    }\n",
       "\n",
       "    .dataframe thead th {\n",
       "        text-align: right;\n",
       "    }\n",
       "</style>\n",
       "<table border=\"1\" class=\"dataframe\">\n",
       "  <thead>\n",
       "    <tr style=\"text-align: right;\">\n",
       "      <th></th>\n",
       "      <th>PM2.5</th>\n",
       "      <th>USAQI</th>\n",
       "      <th>CO2</th>\n",
       "      <th>Temperature</th>\n",
       "      <th>RelativeHumidity</th>\n",
       "      <th>Outdoor PM2.5</th>\n",
       "      <th>OutdoorUSAQI</th>\n",
       "      <th>weekday</th>\n",
       "      <th>hour</th>\n",
       "      <th>month</th>\n",
       "      <th>year</th>\n",
       "      <th>dayofmonth</th>\n",
       "      <th>tmpc</th>\n",
       "      <th>relh</th>\n",
       "      <th>drct</th>\n",
       "      <th>sped</th>\n",
       "      <th>vsby</th>\n",
       "    </tr>\n",
       "  </thead>\n",
       "  <tbody>\n",
       "    <tr>\n",
       "      <th>PM2.5</th>\n",
       "      <td>1.000000</td>\n",
       "      <td>0.981972</td>\n",
       "      <td>0.028740</td>\n",
       "      <td>-0.082070</td>\n",
       "      <td>0.062484</td>\n",
       "      <td>0.029526</td>\n",
       "      <td>0.016961</td>\n",
       "      <td>-0.003523</td>\n",
       "      <td>-0.027700</td>\n",
       "      <td>0.029919</td>\n",
       "      <td>0.077552</td>\n",
       "      <td>0.028662</td>\n",
       "      <td>-0.052282</td>\n",
       "      <td>0.015523</td>\n",
       "      <td>-0.039781</td>\n",
       "      <td>-0.049509</td>\n",
       "      <td>-0.147652</td>\n",
       "    </tr>\n",
       "    <tr>\n",
       "      <th>USAQI</th>\n",
       "      <td>0.981972</td>\n",
       "      <td>1.000000</td>\n",
       "      <td>0.033964</td>\n",
       "      <td>-0.111019</td>\n",
       "      <td>0.036400</td>\n",
       "      <td>0.072865</td>\n",
       "      <td>0.068662</td>\n",
       "      <td>-0.003716</td>\n",
       "      <td>-0.027461</td>\n",
       "      <td>0.015564</td>\n",
       "      <td>0.091346</td>\n",
       "      <td>0.025104</td>\n",
       "      <td>-0.079506</td>\n",
       "      <td>-0.008107</td>\n",
       "      <td>-0.071768</td>\n",
       "      <td>-0.078174</td>\n",
       "      <td>-0.202553</td>\n",
       "    </tr>\n",
       "    <tr>\n",
       "      <th>CO2</th>\n",
       "      <td>0.028740</td>\n",
       "      <td>0.033964</td>\n",
       "      <td>1.000000</td>\n",
       "      <td>-0.173334</td>\n",
       "      <td>-0.167704</td>\n",
       "      <td>0.063214</td>\n",
       "      <td>0.080631</td>\n",
       "      <td>-0.009809</td>\n",
       "      <td>0.042070</td>\n",
       "      <td>-0.005703</td>\n",
       "      <td>-0.140071</td>\n",
       "      <td>0.009270</td>\n",
       "      <td>-0.198874</td>\n",
       "      <td>0.008818</td>\n",
       "      <td>-0.127681</td>\n",
       "      <td>-0.145267</td>\n",
       "      <td>-0.126561</td>\n",
       "    </tr>\n",
       "    <tr>\n",
       "      <th>Temperature</th>\n",
       "      <td>-0.082070</td>\n",
       "      <td>-0.111019</td>\n",
       "      <td>-0.173334</td>\n",
       "      <td>1.000000</td>\n",
       "      <td>-0.065059</td>\n",
       "      <td>-0.315053</td>\n",
       "      <td>-0.347478</td>\n",
       "      <td>-0.000261</td>\n",
       "      <td>0.174570</td>\n",
       "      <td>0.196425</td>\n",
       "      <td>0.147730</td>\n",
       "      <td>0.008703</td>\n",
       "      <td>0.744362</td>\n",
       "      <td>-0.075547</td>\n",
       "      <td>0.254280</td>\n",
       "      <td>0.342160</td>\n",
       "      <td>0.277008</td>\n",
       "    </tr>\n",
       "    <tr>\n",
       "      <th>RelativeHumidity</th>\n",
       "      <td>0.062484</td>\n",
       "      <td>0.036400</td>\n",
       "      <td>-0.167704</td>\n",
       "      <td>-0.065059</td>\n",
       "      <td>1.000000</td>\n",
       "      <td>-0.282022</td>\n",
       "      <td>-0.362638</td>\n",
       "      <td>-0.009743</td>\n",
       "      <td>-0.142643</td>\n",
       "      <td>0.213105</td>\n",
       "      <td>0.130954</td>\n",
       "      <td>-0.015409</td>\n",
       "      <td>0.169734</td>\n",
       "      <td>0.612875</td>\n",
       "      <td>0.158143</td>\n",
       "      <td>0.136961</td>\n",
       "      <td>-0.082310</td>\n",
       "    </tr>\n",
       "    <tr>\n",
       "      <th>Outdoor PM2.5</th>\n",
       "      <td>0.029526</td>\n",
       "      <td>0.072865</td>\n",
       "      <td>0.063214</td>\n",
       "      <td>-0.315053</td>\n",
       "      <td>-0.282022</td>\n",
       "      <td>1.000000</td>\n",
       "      <td>0.937875</td>\n",
       "      <td>0.002019</td>\n",
       "      <td>-0.068443</td>\n",
       "      <td>-0.036980</td>\n",
       "      <td>-0.322479</td>\n",
       "      <td>-0.029605</td>\n",
       "      <td>-0.323867</td>\n",
       "      <td>-0.215789</td>\n",
       "      <td>-0.273062</td>\n",
       "      <td>-0.202675</td>\n",
       "      <td>-0.220832</td>\n",
       "    </tr>\n",
       "    <tr>\n",
       "      <th>OutdoorUSAQI</th>\n",
       "      <td>0.016961</td>\n",
       "      <td>0.068662</td>\n",
       "      <td>0.080631</td>\n",
       "      <td>-0.347478</td>\n",
       "      <td>-0.362638</td>\n",
       "      <td>0.937875</td>\n",
       "      <td>1.000000</td>\n",
       "      <td>-0.006308</td>\n",
       "      <td>-0.051618</td>\n",
       "      <td>-0.072605</td>\n",
       "      <td>-0.385460</td>\n",
       "      <td>-0.019142</td>\n",
       "      <td>-0.366617</td>\n",
       "      <td>-0.270268</td>\n",
       "      <td>-0.328373</td>\n",
       "      <td>-0.237670</td>\n",
       "      <td>-0.247635</td>\n",
       "    </tr>\n",
       "    <tr>\n",
       "      <th>weekday</th>\n",
       "      <td>-0.003523</td>\n",
       "      <td>-0.003716</td>\n",
       "      <td>-0.009809</td>\n",
       "      <td>-0.000261</td>\n",
       "      <td>-0.009743</td>\n",
       "      <td>0.002019</td>\n",
       "      <td>-0.006308</td>\n",
       "      <td>1.000000</td>\n",
       "      <td>-0.001271</td>\n",
       "      <td>0.004777</td>\n",
       "      <td>-0.003999</td>\n",
       "      <td>-0.007662</td>\n",
       "      <td>0.001442</td>\n",
       "      <td>-0.010398</td>\n",
       "      <td>0.007523</td>\n",
       "      <td>-0.008554</td>\n",
       "      <td>0.018850</td>\n",
       "    </tr>\n",
       "    <tr>\n",
       "      <th>hour</th>\n",
       "      <td>-0.027700</td>\n",
       "      <td>-0.027461</td>\n",
       "      <td>0.042070</td>\n",
       "      <td>0.174570</td>\n",
       "      <td>-0.142643</td>\n",
       "      <td>-0.068443</td>\n",
       "      <td>-0.051618</td>\n",
       "      <td>-0.001271</td>\n",
       "      <td>1.000000</td>\n",
       "      <td>-0.001491</td>\n",
       "      <td>0.001458</td>\n",
       "      <td>-0.001141</td>\n",
       "      <td>-0.072650</td>\n",
       "      <td>0.101517</td>\n",
       "      <td>0.039589</td>\n",
       "      <td>-0.018483</td>\n",
       "      <td>0.122579</td>\n",
       "    </tr>\n",
       "    <tr>\n",
       "      <th>month</th>\n",
       "      <td>0.029919</td>\n",
       "      <td>0.015564</td>\n",
       "      <td>-0.005703</td>\n",
       "      <td>0.196425</td>\n",
       "      <td>0.213105</td>\n",
       "      <td>-0.036980</td>\n",
       "      <td>-0.072605</td>\n",
       "      <td>0.004777</td>\n",
       "      <td>-0.001491</td>\n",
       "      <td>1.000000</td>\n",
       "      <td>-0.323392</td>\n",
       "      <td>-0.041651</td>\n",
       "      <td>0.152660</td>\n",
       "      <td>0.149167</td>\n",
       "      <td>-0.078198</td>\n",
       "      <td>0.014370</td>\n",
       "      <td>-0.112653</td>\n",
       "    </tr>\n",
       "    <tr>\n",
       "      <th>year</th>\n",
       "      <td>0.077552</td>\n",
       "      <td>0.091346</td>\n",
       "      <td>-0.140071</td>\n",
       "      <td>0.147730</td>\n",
       "      <td>0.130954</td>\n",
       "      <td>-0.322479</td>\n",
       "      <td>-0.385460</td>\n",
       "      <td>-0.003999</td>\n",
       "      <td>0.001458</td>\n",
       "      <td>-0.323392</td>\n",
       "      <td>1.000000</td>\n",
       "      <td>-0.023309</td>\n",
       "      <td>0.154869</td>\n",
       "      <td>0.044916</td>\n",
       "      <td>0.194281</td>\n",
       "      <td>0.120019</td>\n",
       "      <td>0.120595</td>\n",
       "    </tr>\n",
       "    <tr>\n",
       "      <th>dayofmonth</th>\n",
       "      <td>0.028662</td>\n",
       "      <td>0.025104</td>\n",
       "      <td>0.009270</td>\n",
       "      <td>0.008703</td>\n",
       "      <td>-0.015409</td>\n",
       "      <td>-0.029605</td>\n",
       "      <td>-0.019142</td>\n",
       "      <td>-0.007662</td>\n",
       "      <td>-0.001141</td>\n",
       "      <td>-0.041651</td>\n",
       "      <td>-0.023309</td>\n",
       "      <td>1.000000</td>\n",
       "      <td>0.026208</td>\n",
       "      <td>-0.016567</td>\n",
       "      <td>0.014679</td>\n",
       "      <td>-0.044483</td>\n",
       "      <td>0.026318</td>\n",
       "    </tr>\n",
       "    <tr>\n",
       "      <th>tmpc</th>\n",
       "      <td>-0.052282</td>\n",
       "      <td>-0.079506</td>\n",
       "      <td>-0.198874</td>\n",
       "      <td>0.744362</td>\n",
       "      <td>0.169734</td>\n",
       "      <td>-0.323867</td>\n",
       "      <td>-0.366617</td>\n",
       "      <td>0.001442</td>\n",
       "      <td>-0.072650</td>\n",
       "      <td>0.152660</td>\n",
       "      <td>0.154869</td>\n",
       "      <td>0.026208</td>\n",
       "      <td>1.000000</td>\n",
       "      <td>-0.324902</td>\n",
       "      <td>0.329229</td>\n",
       "      <td>0.425673</td>\n",
       "      <td>0.351130</td>\n",
       "    </tr>\n",
       "    <tr>\n",
       "      <th>relh</th>\n",
       "      <td>0.015523</td>\n",
       "      <td>-0.008107</td>\n",
       "      <td>0.008818</td>\n",
       "      <td>-0.075547</td>\n",
       "      <td>0.612875</td>\n",
       "      <td>-0.215789</td>\n",
       "      <td>-0.270268</td>\n",
       "      <td>-0.010398</td>\n",
       "      <td>0.101517</td>\n",
       "      <td>0.149167</td>\n",
       "      <td>0.044916</td>\n",
       "      <td>-0.016567</td>\n",
       "      <td>-0.324902</td>\n",
       "      <td>1.000000</td>\n",
       "      <td>-0.045240</td>\n",
       "      <td>-0.099083</td>\n",
       "      <td>-0.267748</td>\n",
       "    </tr>\n",
       "    <tr>\n",
       "      <th>drct</th>\n",
       "      <td>-0.039781</td>\n",
       "      <td>-0.071768</td>\n",
       "      <td>-0.127681</td>\n",
       "      <td>0.254280</td>\n",
       "      <td>0.158143</td>\n",
       "      <td>-0.273062</td>\n",
       "      <td>-0.328373</td>\n",
       "      <td>0.007523</td>\n",
       "      <td>0.039589</td>\n",
       "      <td>-0.078198</td>\n",
       "      <td>0.194281</td>\n",
       "      <td>0.014679</td>\n",
       "      <td>0.329229</td>\n",
       "      <td>-0.045240</td>\n",
       "      <td>1.000000</td>\n",
       "      <td>0.442272</td>\n",
       "      <td>0.272996</td>\n",
       "    </tr>\n",
       "    <tr>\n",
       "      <th>sped</th>\n",
       "      <td>-0.049509</td>\n",
       "      <td>-0.078174</td>\n",
       "      <td>-0.145267</td>\n",
       "      <td>0.342160</td>\n",
       "      <td>0.136961</td>\n",
       "      <td>-0.202675</td>\n",
       "      <td>-0.237670</td>\n",
       "      <td>-0.008554</td>\n",
       "      <td>-0.018483</td>\n",
       "      <td>0.014370</td>\n",
       "      <td>0.120019</td>\n",
       "      <td>-0.044483</td>\n",
       "      <td>0.425673</td>\n",
       "      <td>-0.099083</td>\n",
       "      <td>0.442272</td>\n",
       "      <td>1.000000</td>\n",
       "      <td>0.273270</td>\n",
       "    </tr>\n",
       "    <tr>\n",
       "      <th>vsby</th>\n",
       "      <td>-0.147652</td>\n",
       "      <td>-0.202553</td>\n",
       "      <td>-0.126561</td>\n",
       "      <td>0.277008</td>\n",
       "      <td>-0.082310</td>\n",
       "      <td>-0.220832</td>\n",
       "      <td>-0.247635</td>\n",
       "      <td>0.018850</td>\n",
       "      <td>0.122579</td>\n",
       "      <td>-0.112653</td>\n",
       "      <td>0.120595</td>\n",
       "      <td>0.026318</td>\n",
       "      <td>0.351130</td>\n",
       "      <td>-0.267748</td>\n",
       "      <td>0.272996</td>\n",
       "      <td>0.273270</td>\n",
       "      <td>1.000000</td>\n",
       "    </tr>\n",
       "  </tbody>\n",
       "</table>\n",
       "</div>"
      ],
      "text/plain": [
       "                     PM2.5     USAQI       CO2  Temperature  RelativeHumidity  \\\n",
       "PM2.5             1.000000  0.981972  0.028740    -0.082070          0.062484   \n",
       "USAQI             0.981972  1.000000  0.033964    -0.111019          0.036400   \n",
       "CO2               0.028740  0.033964  1.000000    -0.173334         -0.167704   \n",
       "Temperature      -0.082070 -0.111019 -0.173334     1.000000         -0.065059   \n",
       "RelativeHumidity  0.062484  0.036400 -0.167704    -0.065059          1.000000   \n",
       "Outdoor PM2.5     0.029526  0.072865  0.063214    -0.315053         -0.282022   \n",
       "OutdoorUSAQI      0.016961  0.068662  0.080631    -0.347478         -0.362638   \n",
       "weekday          -0.003523 -0.003716 -0.009809    -0.000261         -0.009743   \n",
       "hour             -0.027700 -0.027461  0.042070     0.174570         -0.142643   \n",
       "month             0.029919  0.015564 -0.005703     0.196425          0.213105   \n",
       "year              0.077552  0.091346 -0.140071     0.147730          0.130954   \n",
       "dayofmonth        0.028662  0.025104  0.009270     0.008703         -0.015409   \n",
       "tmpc             -0.052282 -0.079506 -0.198874     0.744362          0.169734   \n",
       "relh              0.015523 -0.008107  0.008818    -0.075547          0.612875   \n",
       "drct             -0.039781 -0.071768 -0.127681     0.254280          0.158143   \n",
       "sped             -0.049509 -0.078174 -0.145267     0.342160          0.136961   \n",
       "vsby             -0.147652 -0.202553 -0.126561     0.277008         -0.082310   \n",
       "\n",
       "                  Outdoor PM2.5  OutdoorUSAQI   weekday      hour     month  \\\n",
       "PM2.5                  0.029526      0.016961 -0.003523 -0.027700  0.029919   \n",
       "USAQI                  0.072865      0.068662 -0.003716 -0.027461  0.015564   \n",
       "CO2                    0.063214      0.080631 -0.009809  0.042070 -0.005703   \n",
       "Temperature           -0.315053     -0.347478 -0.000261  0.174570  0.196425   \n",
       "RelativeHumidity      -0.282022     -0.362638 -0.009743 -0.142643  0.213105   \n",
       "Outdoor PM2.5          1.000000      0.937875  0.002019 -0.068443 -0.036980   \n",
       "OutdoorUSAQI           0.937875      1.000000 -0.006308 -0.051618 -0.072605   \n",
       "weekday                0.002019     -0.006308  1.000000 -0.001271  0.004777   \n",
       "hour                  -0.068443     -0.051618 -0.001271  1.000000 -0.001491   \n",
       "month                 -0.036980     -0.072605  0.004777 -0.001491  1.000000   \n",
       "year                  -0.322479     -0.385460 -0.003999  0.001458 -0.323392   \n",
       "dayofmonth            -0.029605     -0.019142 -0.007662 -0.001141 -0.041651   \n",
       "tmpc                  -0.323867     -0.366617  0.001442 -0.072650  0.152660   \n",
       "relh                  -0.215789     -0.270268 -0.010398  0.101517  0.149167   \n",
       "drct                  -0.273062     -0.328373  0.007523  0.039589 -0.078198   \n",
       "sped                  -0.202675     -0.237670 -0.008554 -0.018483  0.014370   \n",
       "vsby                  -0.220832     -0.247635  0.018850  0.122579 -0.112653   \n",
       "\n",
       "                      year  dayofmonth      tmpc      relh      drct  \\\n",
       "PM2.5             0.077552    0.028662 -0.052282  0.015523 -0.039781   \n",
       "USAQI             0.091346    0.025104 -0.079506 -0.008107 -0.071768   \n",
       "CO2              -0.140071    0.009270 -0.198874  0.008818 -0.127681   \n",
       "Temperature       0.147730    0.008703  0.744362 -0.075547  0.254280   \n",
       "RelativeHumidity  0.130954   -0.015409  0.169734  0.612875  0.158143   \n",
       "Outdoor PM2.5    -0.322479   -0.029605 -0.323867 -0.215789 -0.273062   \n",
       "OutdoorUSAQI     -0.385460   -0.019142 -0.366617 -0.270268 -0.328373   \n",
       "weekday          -0.003999   -0.007662  0.001442 -0.010398  0.007523   \n",
       "hour              0.001458   -0.001141 -0.072650  0.101517  0.039589   \n",
       "month            -0.323392   -0.041651  0.152660  0.149167 -0.078198   \n",
       "year              1.000000   -0.023309  0.154869  0.044916  0.194281   \n",
       "dayofmonth       -0.023309    1.000000  0.026208 -0.016567  0.014679   \n",
       "tmpc              0.154869    0.026208  1.000000 -0.324902  0.329229   \n",
       "relh              0.044916   -0.016567 -0.324902  1.000000 -0.045240   \n",
       "drct              0.194281    0.014679  0.329229 -0.045240  1.000000   \n",
       "sped              0.120019   -0.044483  0.425673 -0.099083  0.442272   \n",
       "vsby              0.120595    0.026318  0.351130 -0.267748  0.272996   \n",
       "\n",
       "                      sped      vsby  \n",
       "PM2.5            -0.049509 -0.147652  \n",
       "USAQI            -0.078174 -0.202553  \n",
       "CO2              -0.145267 -0.126561  \n",
       "Temperature       0.342160  0.277008  \n",
       "RelativeHumidity  0.136961 -0.082310  \n",
       "Outdoor PM2.5    -0.202675 -0.220832  \n",
       "OutdoorUSAQI     -0.237670 -0.247635  \n",
       "weekday          -0.008554  0.018850  \n",
       "hour             -0.018483  0.122579  \n",
       "month             0.014370 -0.112653  \n",
       "year              0.120019  0.120595  \n",
       "dayofmonth       -0.044483  0.026318  \n",
       "tmpc              0.425673  0.351130  \n",
       "relh             -0.099083 -0.267748  \n",
       "drct              0.442272  0.272996  \n",
       "sped              1.000000  0.273270  \n",
       "vsby              0.273270  1.000000  "
      ]
     },
     "execution_count": 11,
     "metadata": {},
     "output_type": "execute_result"
    }
   ],
   "source": [
    "df = dfmerged.drop(['longitude', 'latitude'], axis = 1)\n",
    "df.corr('pearson')"
   ]
  },
  {
   "cell_type": "code",
   "execution_count": 28,
   "metadata": {
    "scrolled": true
   },
   "outputs": [],
   "source": [
    "df17 = df[df.year == 2017]\n",
    "\n",
    "# for i in range(24):    \n",
    "#     df17m1 = df17[df17.hour == i]\n",
    "#     plt.plot(df17m1.groupby('month').mean().tmpc, label = i)\n",
    "#     plt.title(i)\n",
    "#     plt.show()\n",
    "#     plt.plot(1/df17m1.groupby('month').mean()['PM2.5'], label = 1)\n",
    "#     plt.title(i)\n",
    "#     plt.show()"
   ]
  },
  {
   "cell_type": "code",
   "execution_count": 38,
   "metadata": {},
   "outputs": [
    {
     "data": {
      "text/html": [
       "<div>\n",
       "<style scoped>\n",
       "    .dataframe tbody tr th:only-of-type {\n",
       "        vertical-align: middle;\n",
       "    }\n",
       "\n",
       "    .dataframe tbody tr th {\n",
       "        vertical-align: top;\n",
       "    }\n",
       "\n",
       "    .dataframe thead th {\n",
       "        text-align: right;\n",
       "    }\n",
       "</style>\n",
       "<table border=\"1\" class=\"dataframe\">\n",
       "  <thead>\n",
       "    <tr style=\"text-align: right;\">\n",
       "      <th></th>\n",
       "      <th>PM2.5</th>\n",
       "      <th>USAQI</th>\n",
       "      <th>CO2</th>\n",
       "      <th>Temperature</th>\n",
       "      <th>RelativeHumidity</th>\n",
       "      <th>Outdoor PM2.5</th>\n",
       "      <th>OutdoorUSAQI</th>\n",
       "      <th>weekday</th>\n",
       "      <th>hour</th>\n",
       "      <th>month</th>\n",
       "      <th>year</th>\n",
       "      <th>dayofmonth</th>\n",
       "      <th>tmpc</th>\n",
       "      <th>relh</th>\n",
       "      <th>drct</th>\n",
       "      <th>sped</th>\n",
       "      <th>vsby</th>\n",
       "    </tr>\n",
       "  </thead>\n",
       "  <tbody>\n",
       "    <tr>\n",
       "      <th>PM2.5</th>\n",
       "      <td>1.000000</td>\n",
       "      <td>0.999982</td>\n",
       "      <td>0.496164</td>\n",
       "      <td>-0.376154</td>\n",
       "      <td>0.299727</td>\n",
       "      <td>0.157837</td>\n",
       "      <td>0.158079</td>\n",
       "      <td>0.010622</td>\n",
       "      <td>-0.064116</td>\n",
       "      <td>0.058532</td>\n",
       "      <td>NaN</td>\n",
       "      <td>-0.090236</td>\n",
       "      <td>-0.201537</td>\n",
       "      <td>0.161858</td>\n",
       "      <td>-0.165738</td>\n",
       "      <td>-0.251552</td>\n",
       "      <td>-0.523804</td>\n",
       "    </tr>\n",
       "    <tr>\n",
       "      <th>USAQI</th>\n",
       "      <td>0.999982</td>\n",
       "      <td>1.000000</td>\n",
       "      <td>0.496171</td>\n",
       "      <td>-0.376143</td>\n",
       "      <td>0.299662</td>\n",
       "      <td>0.157771</td>\n",
       "      <td>0.158011</td>\n",
       "      <td>0.010673</td>\n",
       "      <td>-0.064123</td>\n",
       "      <td>0.058562</td>\n",
       "      <td>NaN</td>\n",
       "      <td>-0.090246</td>\n",
       "      <td>-0.201571</td>\n",
       "      <td>0.161800</td>\n",
       "      <td>-0.165679</td>\n",
       "      <td>-0.251478</td>\n",
       "      <td>-0.523769</td>\n",
       "    </tr>\n",
       "    <tr>\n",
       "      <th>CO2</th>\n",
       "      <td>0.496164</td>\n",
       "      <td>0.496171</td>\n",
       "      <td>1.000000</td>\n",
       "      <td>-0.382864</td>\n",
       "      <td>0.221203</td>\n",
       "      <td>-0.069033</td>\n",
       "      <td>-0.069102</td>\n",
       "      <td>-0.026266</td>\n",
       "      <td>0.034355</td>\n",
       "      <td>0.049512</td>\n",
       "      <td>NaN</td>\n",
       "      <td>0.009788</td>\n",
       "      <td>-0.278851</td>\n",
       "      <td>0.229757</td>\n",
       "      <td>-0.156725</td>\n",
       "      <td>-0.319778</td>\n",
       "      <td>-0.407031</td>\n",
       "    </tr>\n",
       "    <tr>\n",
       "      <th>Temperature</th>\n",
       "      <td>-0.376154</td>\n",
       "      <td>-0.376143</td>\n",
       "      <td>-0.382864</td>\n",
       "      <td>1.000000</td>\n",
       "      <td>-0.239766</td>\n",
       "      <td>0.019116</td>\n",
       "      <td>0.017146</td>\n",
       "      <td>-0.020043</td>\n",
       "      <td>0.193632</td>\n",
       "      <td>-0.151961</td>\n",
       "      <td>NaN</td>\n",
       "      <td>-0.118500</td>\n",
       "      <td>0.630298</td>\n",
       "      <td>-0.263244</td>\n",
       "      <td>0.036206</td>\n",
       "      <td>0.108518</td>\n",
       "      <td>0.325610</td>\n",
       "    </tr>\n",
       "    <tr>\n",
       "      <th>RelativeHumidity</th>\n",
       "      <td>0.299727</td>\n",
       "      <td>0.299662</td>\n",
       "      <td>0.221203</td>\n",
       "      <td>-0.239766</td>\n",
       "      <td>1.000000</td>\n",
       "      <td>-0.031841</td>\n",
       "      <td>-0.030694</td>\n",
       "      <td>-0.042425</td>\n",
       "      <td>-0.112722</td>\n",
       "      <td>-0.045058</td>\n",
       "      <td>NaN</td>\n",
       "      <td>-0.069429</td>\n",
       "      <td>-0.002582</td>\n",
       "      <td>0.637621</td>\n",
       "      <td>-0.060462</td>\n",
       "      <td>-0.287487</td>\n",
       "      <td>-0.489093</td>\n",
       "    </tr>\n",
       "    <tr>\n",
       "      <th>Outdoor PM2.5</th>\n",
       "      <td>0.157837</td>\n",
       "      <td>0.157771</td>\n",
       "      <td>-0.069033</td>\n",
       "      <td>0.019116</td>\n",
       "      <td>-0.031841</td>\n",
       "      <td>1.000000</td>\n",
       "      <td>0.999888</td>\n",
       "      <td>0.053583</td>\n",
       "      <td>-0.050335</td>\n",
       "      <td>-0.094026</td>\n",
       "      <td>NaN</td>\n",
       "      <td>-0.027334</td>\n",
       "      <td>-0.011003</td>\n",
       "      <td>-0.055282</td>\n",
       "      <td>-0.018209</td>\n",
       "      <td>0.093303</td>\n",
       "      <td>0.005236</td>\n",
       "    </tr>\n",
       "    <tr>\n",
       "      <th>OutdoorUSAQI</th>\n",
       "      <td>0.158079</td>\n",
       "      <td>0.158011</td>\n",
       "      <td>-0.069102</td>\n",
       "      <td>0.017146</td>\n",
       "      <td>-0.030694</td>\n",
       "      <td>0.999888</td>\n",
       "      <td>1.000000</td>\n",
       "      <td>0.054303</td>\n",
       "      <td>-0.050818</td>\n",
       "      <td>-0.095073</td>\n",
       "      <td>NaN</td>\n",
       "      <td>-0.026975</td>\n",
       "      <td>-0.011976</td>\n",
       "      <td>-0.054748</td>\n",
       "      <td>-0.018040</td>\n",
       "      <td>0.094025</td>\n",
       "      <td>0.005302</td>\n",
       "    </tr>\n",
       "    <tr>\n",
       "      <th>weekday</th>\n",
       "      <td>0.010622</td>\n",
       "      <td>0.010673</td>\n",
       "      <td>-0.026266</td>\n",
       "      <td>-0.020043</td>\n",
       "      <td>-0.042425</td>\n",
       "      <td>0.053583</td>\n",
       "      <td>0.054303</td>\n",
       "      <td>1.000000</td>\n",
       "      <td>-0.011022</td>\n",
       "      <td>0.051792</td>\n",
       "      <td>NaN</td>\n",
       "      <td>-0.014741</td>\n",
       "      <td>-0.005500</td>\n",
       "      <td>-0.076118</td>\n",
       "      <td>-0.027740</td>\n",
       "      <td>-0.022593</td>\n",
       "      <td>0.030818</td>\n",
       "    </tr>\n",
       "    <tr>\n",
       "      <th>hour</th>\n",
       "      <td>-0.064116</td>\n",
       "      <td>-0.064123</td>\n",
       "      <td>0.034355</td>\n",
       "      <td>0.193632</td>\n",
       "      <td>-0.112722</td>\n",
       "      <td>-0.050335</td>\n",
       "      <td>-0.050818</td>\n",
       "      <td>-0.011022</td>\n",
       "      <td>1.000000</td>\n",
       "      <td>0.001041</td>\n",
       "      <td>NaN</td>\n",
       "      <td>0.000893</td>\n",
       "      <td>-0.069224</td>\n",
       "      <td>0.082070</td>\n",
       "      <td>0.003134</td>\n",
       "      <td>-0.051330</td>\n",
       "      <td>0.141410</td>\n",
       "    </tr>\n",
       "    <tr>\n",
       "      <th>month</th>\n",
       "      <td>0.058532</td>\n",
       "      <td>0.058562</td>\n",
       "      <td>0.049512</td>\n",
       "      <td>-0.151961</td>\n",
       "      <td>-0.045058</td>\n",
       "      <td>-0.094026</td>\n",
       "      <td>-0.095073</td>\n",
       "      <td>0.051792</td>\n",
       "      <td>0.001041</td>\n",
       "      <td>1.000000</td>\n",
       "      <td>NaN</td>\n",
       "      <td>-0.014181</td>\n",
       "      <td>-0.173604</td>\n",
       "      <td>-0.024362</td>\n",
       "      <td>-0.009783</td>\n",
       "      <td>-0.154658</td>\n",
       "      <td>-0.121433</td>\n",
       "    </tr>\n",
       "    <tr>\n",
       "      <th>year</th>\n",
       "      <td>NaN</td>\n",
       "      <td>NaN</td>\n",
       "      <td>NaN</td>\n",
       "      <td>NaN</td>\n",
       "      <td>NaN</td>\n",
       "      <td>NaN</td>\n",
       "      <td>NaN</td>\n",
       "      <td>NaN</td>\n",
       "      <td>NaN</td>\n",
       "      <td>NaN</td>\n",
       "      <td>NaN</td>\n",
       "      <td>NaN</td>\n",
       "      <td>NaN</td>\n",
       "      <td>NaN</td>\n",
       "      <td>NaN</td>\n",
       "      <td>NaN</td>\n",
       "      <td>NaN</td>\n",
       "    </tr>\n",
       "    <tr>\n",
       "      <th>dayofmonth</th>\n",
       "      <td>-0.090236</td>\n",
       "      <td>-0.090246</td>\n",
       "      <td>0.009788</td>\n",
       "      <td>-0.118500</td>\n",
       "      <td>-0.069429</td>\n",
       "      <td>-0.027334</td>\n",
       "      <td>-0.026975</td>\n",
       "      <td>-0.014741</td>\n",
       "      <td>0.000893</td>\n",
       "      <td>-0.014181</td>\n",
       "      <td>NaN</td>\n",
       "      <td>1.000000</td>\n",
       "      <td>-0.090687</td>\n",
       "      <td>-0.046029</td>\n",
       "      <td>0.055246</td>\n",
       "      <td>0.026537</td>\n",
       "      <td>0.128950</td>\n",
       "    </tr>\n",
       "    <tr>\n",
       "      <th>tmpc</th>\n",
       "      <td>-0.201537</td>\n",
       "      <td>-0.201571</td>\n",
       "      <td>-0.278851</td>\n",
       "      <td>0.630298</td>\n",
       "      <td>-0.002582</td>\n",
       "      <td>-0.011003</td>\n",
       "      <td>-0.011976</td>\n",
       "      <td>-0.005500</td>\n",
       "      <td>-0.069224</td>\n",
       "      <td>-0.173604</td>\n",
       "      <td>NaN</td>\n",
       "      <td>-0.090687</td>\n",
       "      <td>1.000000</td>\n",
       "      <td>-0.520659</td>\n",
       "      <td>0.164960</td>\n",
       "      <td>0.173411</td>\n",
       "      <td>0.258730</td>\n",
       "    </tr>\n",
       "    <tr>\n",
       "      <th>relh</th>\n",
       "      <td>0.161858</td>\n",
       "      <td>0.161800</td>\n",
       "      <td>0.229757</td>\n",
       "      <td>-0.263244</td>\n",
       "      <td>0.637621</td>\n",
       "      <td>-0.055282</td>\n",
       "      <td>-0.054748</td>\n",
       "      <td>-0.076118</td>\n",
       "      <td>0.082070</td>\n",
       "      <td>-0.024362</td>\n",
       "      <td>NaN</td>\n",
       "      <td>-0.046029</td>\n",
       "      <td>-0.520659</td>\n",
       "      <td>1.000000</td>\n",
       "      <td>-0.221770</td>\n",
       "      <td>-0.398250</td>\n",
       "      <td>-0.530676</td>\n",
       "    </tr>\n",
       "    <tr>\n",
       "      <th>drct</th>\n",
       "      <td>-0.165738</td>\n",
       "      <td>-0.165679</td>\n",
       "      <td>-0.156725</td>\n",
       "      <td>0.036206</td>\n",
       "      <td>-0.060462</td>\n",
       "      <td>-0.018209</td>\n",
       "      <td>-0.018040</td>\n",
       "      <td>-0.027740</td>\n",
       "      <td>0.003134</td>\n",
       "      <td>-0.009783</td>\n",
       "      <td>NaN</td>\n",
       "      <td>0.055246</td>\n",
       "      <td>0.164960</td>\n",
       "      <td>-0.221770</td>\n",
       "      <td>1.000000</td>\n",
       "      <td>0.595020</td>\n",
       "      <td>0.227909</td>\n",
       "    </tr>\n",
       "    <tr>\n",
       "      <th>sped</th>\n",
       "      <td>-0.251552</td>\n",
       "      <td>-0.251478</td>\n",
       "      <td>-0.319778</td>\n",
       "      <td>0.108518</td>\n",
       "      <td>-0.287487</td>\n",
       "      <td>0.093303</td>\n",
       "      <td>0.094025</td>\n",
       "      <td>-0.022593</td>\n",
       "      <td>-0.051330</td>\n",
       "      <td>-0.154658</td>\n",
       "      <td>NaN</td>\n",
       "      <td>0.026537</td>\n",
       "      <td>0.173411</td>\n",
       "      <td>-0.398250</td>\n",
       "      <td>0.595020</td>\n",
       "      <td>1.000000</td>\n",
       "      <td>0.444544</td>\n",
       "    </tr>\n",
       "    <tr>\n",
       "      <th>vsby</th>\n",
       "      <td>-0.523804</td>\n",
       "      <td>-0.523769</td>\n",
       "      <td>-0.407031</td>\n",
       "      <td>0.325610</td>\n",
       "      <td>-0.489093</td>\n",
       "      <td>0.005236</td>\n",
       "      <td>0.005302</td>\n",
       "      <td>0.030818</td>\n",
       "      <td>0.141410</td>\n",
       "      <td>-0.121433</td>\n",
       "      <td>NaN</td>\n",
       "      <td>0.128950</td>\n",
       "      <td>0.258730</td>\n",
       "      <td>-0.530676</td>\n",
       "      <td>0.227909</td>\n",
       "      <td>0.444544</td>\n",
       "      <td>1.000000</td>\n",
       "    </tr>\n",
       "  </tbody>\n",
       "</table>\n",
       "</div>"
      ],
      "text/plain": [
       "                     PM2.5     USAQI       CO2  Temperature  RelativeHumidity  \\\n",
       "PM2.5             1.000000  0.999982  0.496164    -0.376154          0.299727   \n",
       "USAQI             0.999982  1.000000  0.496171    -0.376143          0.299662   \n",
       "CO2               0.496164  0.496171  1.000000    -0.382864          0.221203   \n",
       "Temperature      -0.376154 -0.376143 -0.382864     1.000000         -0.239766   \n",
       "RelativeHumidity  0.299727  0.299662  0.221203    -0.239766          1.000000   \n",
       "Outdoor PM2.5     0.157837  0.157771 -0.069033     0.019116         -0.031841   \n",
       "OutdoorUSAQI      0.158079  0.158011 -0.069102     0.017146         -0.030694   \n",
       "weekday           0.010622  0.010673 -0.026266    -0.020043         -0.042425   \n",
       "hour             -0.064116 -0.064123  0.034355     0.193632         -0.112722   \n",
       "month             0.058532  0.058562  0.049512    -0.151961         -0.045058   \n",
       "year                   NaN       NaN       NaN          NaN               NaN   \n",
       "dayofmonth       -0.090236 -0.090246  0.009788    -0.118500         -0.069429   \n",
       "tmpc             -0.201537 -0.201571 -0.278851     0.630298         -0.002582   \n",
       "relh              0.161858  0.161800  0.229757    -0.263244          0.637621   \n",
       "drct             -0.165738 -0.165679 -0.156725     0.036206         -0.060462   \n",
       "sped             -0.251552 -0.251478 -0.319778     0.108518         -0.287487   \n",
       "vsby             -0.523804 -0.523769 -0.407031     0.325610         -0.489093   \n",
       "\n",
       "                  Outdoor PM2.5  OutdoorUSAQI   weekday      hour     month  \\\n",
       "PM2.5                  0.157837      0.158079  0.010622 -0.064116  0.058532   \n",
       "USAQI                  0.157771      0.158011  0.010673 -0.064123  0.058562   \n",
       "CO2                   -0.069033     -0.069102 -0.026266  0.034355  0.049512   \n",
       "Temperature            0.019116      0.017146 -0.020043  0.193632 -0.151961   \n",
       "RelativeHumidity      -0.031841     -0.030694 -0.042425 -0.112722 -0.045058   \n",
       "Outdoor PM2.5          1.000000      0.999888  0.053583 -0.050335 -0.094026   \n",
       "OutdoorUSAQI           0.999888      1.000000  0.054303 -0.050818 -0.095073   \n",
       "weekday                0.053583      0.054303  1.000000 -0.011022  0.051792   \n",
       "hour                  -0.050335     -0.050818 -0.011022  1.000000  0.001041   \n",
       "month                 -0.094026     -0.095073  0.051792  0.001041  1.000000   \n",
       "year                        NaN           NaN       NaN       NaN       NaN   \n",
       "dayofmonth            -0.027334     -0.026975 -0.014741  0.000893 -0.014181   \n",
       "tmpc                  -0.011003     -0.011976 -0.005500 -0.069224 -0.173604   \n",
       "relh                  -0.055282     -0.054748 -0.076118  0.082070 -0.024362   \n",
       "drct                  -0.018209     -0.018040 -0.027740  0.003134 -0.009783   \n",
       "sped                   0.093303      0.094025 -0.022593 -0.051330 -0.154658   \n",
       "vsby                   0.005236      0.005302  0.030818  0.141410 -0.121433   \n",
       "\n",
       "                  year  dayofmonth      tmpc      relh      drct      sped  \\\n",
       "PM2.5              NaN   -0.090236 -0.201537  0.161858 -0.165738 -0.251552   \n",
       "USAQI              NaN   -0.090246 -0.201571  0.161800 -0.165679 -0.251478   \n",
       "CO2                NaN    0.009788 -0.278851  0.229757 -0.156725 -0.319778   \n",
       "Temperature        NaN   -0.118500  0.630298 -0.263244  0.036206  0.108518   \n",
       "RelativeHumidity   NaN   -0.069429 -0.002582  0.637621 -0.060462 -0.287487   \n",
       "Outdoor PM2.5      NaN   -0.027334 -0.011003 -0.055282 -0.018209  0.093303   \n",
       "OutdoorUSAQI       NaN   -0.026975 -0.011976 -0.054748 -0.018040  0.094025   \n",
       "weekday            NaN   -0.014741 -0.005500 -0.076118 -0.027740 -0.022593   \n",
       "hour               NaN    0.000893 -0.069224  0.082070  0.003134 -0.051330   \n",
       "month              NaN   -0.014181 -0.173604 -0.024362 -0.009783 -0.154658   \n",
